a: 2.731203064141294  b: -5.383190391293365
-7.30417674661997e-13
-2.30471600755265e-13
1.97256493305354e-13
2.40551857713777e-12
7.21289037627925e-12
5.82008637275372e-13
5.15473812820016e-12
2.74873868932146e-11
--------------------------------
a: 13.927967533940777  b: -4.563917146688198
-7.13865582121719e-8
1.94321817734301e-8
-9.14115212861054e-9
1.67712073358175e-9
-1.03544482074401e-9
1.26521712407253e-9
-4.73086580280343e-9
-3.23472687520716e-9
--------------------------------
a: -12.414815756354002  b: 10.349624504076623
-4.33359930191341e-5
-2.21788290795787e-6
-1.27301336018641e-7
-9.53909788991010e-7
-8.41130214969864e-8
-2.58418120811523e-8
-5.35780361967973e-8
-4.46558103588767e-8
--------------------------------
a: -11.719009917531785  b: -8.912269024789165
3.93237468550110e-7
-1.44345612792858e-6
2.81716093787947e-7
-5.44238729101578e-7
-2.84053676595899e-7
-2.54881592876390e-7
-3.77289093383166e-7
-3.77680805194785e-7
--------------------------------
a: -4.788667181053192  b: -14.498055091187947
-2.74112307574229e-7
-7.22738079123978e-8
8.91326113343475e-8
2.07472151222543e-8
4.66995684728060e-9
1.69300516787617e-8
3.57673524619997e-8
1.52428221555028e-8
--------------------------------
a: -1.2426054280651968  b: -13.274803786247066
1.12383531655492e-10
3.84621384825845e-10
3.97503351274736e-10
2.75550772395960e-10
3.89961804012624e-10
6.21662849507397e-10
-3.02211493460739e-10
-6.54584557701900e-11
--------------------------------
a: -13.353836146019564  b: -10.98795497895242
-0.000163917710733026
5.66813099647278e-6
-3.34681802472722e-6
5.83245912251121e-7
-2.55444844074469e-6
-4.24611473459866e-7
-1.37993185377470e-6
-7.49757427772023e-7
--------------------------------
a: -14.992929348872071  b: 1.9070859840840555
-3.55882986334185e-11
8.86274084160692e-12
-1.17541660616961e-11
-1.04534967980411e-11
-5.05065662763231e-12
-1.91110373628570e-11
-1.35418948613092e-11
9.30652833306282e-12
--------------------------------
a: 3.0061645768343475  b: 13.66449913671914
-1.53256944448996
2.69712291941009e-11
-3.26932691109981e-11
3.13385568122447e-12
7.27484941349350e-12
4.87105954616102e-12
9.68275929046819e-12
6.76994458923937e-12
--------------------------------
a: 14.692413682087224  b: -5.0533153104875375
-1.25266823044330e-7
-8.78553162225943e-9
-3.33524809329981e-8
-1.20230433517143e-10
7.98008331482926e-10
-7.67699942781689e-9
-8.58931208361097e-10
-3.46064365403072e-9
--------------------------------
time : 207.88420510292053
