a: -0.9155549676811843 , b: -1.1573606285272522
2.85979928394481e-12
8.11271107231472e-11
1.82806055248523e-10
1.06254000609371e-9
7.21138383083226e-9
1.27517271610043e-8
1.97533672514022e-8
1.28621013419236e-8
--------------------------------
a: -3.8457858084967906 , b: -3.5144103052403635
-3.55647246116355e-9
8.77980557992918e-9
2.25234072207977e-9
-3.47787695968625e-9
5.30547616570871e-8
4.70665594527625e-8
4.88035250621253e-8
-1.31126228369922e-7
--------------------------------
a: 3.864669069305849 , b: -3.630059029839461
-7.81154978209701e-13
-6.75395227465505e-12
-4.45112653582869e-12
9.12949490775471e-10
-1.12170213636487e-10
1.03077395995939e-9
1.29183958292383e-8
4.49880982195164e-8
--------------------------------
a: 2.77245769997159 , b: 0.15531463298880777
-2.35541050487196e-13
-9.00606080293172e-12
4.56555762256210e-11
3.75329663916685e-10
1.22397514643431e-9
2.58168025652768e-9
2.16813483916990e-8
5.32143917618596e-8
--------------------------------
a: -3.653513523893441 , b: -0.07871936726684048
-1.78039254790794e-11
-4.55467358242548e-11
-7.12365834294895e-10
-3.38820078850081e-9
6.13133558844517e-10
6.22484491363807e-9
2.89964082280072e-8
1.03682089819406e-8
--------------------------------
a: -1.8535680639297336 , b: 0.8812453880100177
-2.33426784652139e-12
-5.81263886158638e-11
-1.82510691294191e-10
1.09281754221082e-9
-4.50743045291965e-9
-2.76164591587110e-9
3.42009168273476e-8
2.04346946364565e-8
--------------------------------
a: 2.20102731905589 , b: -2.083001752931107
2.24152576718473e-12
1.04957816247449e-12
2.15857603662582e-10
6.36523401336072e-10
-5.43384535038797e-10
1.39253128118761e-8
1.75757198828120e-8
9.51446564313022e-8
--------------------------------
a: 0.12300441186154742 , b: -3.72933578024242
-5.65355821738915e-11
-2.37017904270245e-10
-1.24030037049679e-10
-2.71913130477911e-9
2.39773868017467e-11
-3.18717181339065e-9
-7.59837136913699e-9
-1.74492312408303e-8
--------------------------------
a: 1.6938081472182978 , b: -0.43148465434825933
-2.42012093819748e-12
1.63753941855157e-11
-1.70419383019538e-10
1.97956688408148e-10
6.53162127366546e-10
7.21024280924200e-9
1.73102272685667e-8
4.04354758218186e-8
--------------------------------
a: 2.018573854989402 , b: -1.0572613580541042
-9.01979173360025e-13
2.56913414606845e-11
5.19005883336066e-11
1.02185999642286e-9
4.46793606183646e-10
1.01961016732424e-8
-2.67687041399299e-9
4.17922038440493e-8
--------------------------------
time : 217.4162151813507
