a: 0.6527168937045111  b: -3.3786500455919963
1.07662341822535e-10
-4.97858859452676e-10
-1.76296905623591e-9
-1.72560605637900e-8
2.65217497001953e-9
-4.88672048512942e-10
3.79161953725331e-7
-1.68910943126725e-7
--------------------------------
a: 7.592447227988416  b: -4.945046865234268
1.20791912304124e-10
8.70200755878783e-11
-1.86089514566178e-9
5.94040225489456e-9
-2.48399768520393e-8
1.30983929728173e-7
1.15745750272517e-7
1.93198549570912e-8
--------------------------------
a: 14.434113165456353  b: -15.793946821514123
0.526429885335234
0.108922637669880
0.0303677957313344
0.00619592013983460
-0.00776685906737013
-0.00183873182765003
-0.00452931184978748
-0.00139748261702816
--------------------------------
a: 4.494244665509687  b: -8.403548661233273
-4.76915863151033e-11
-1.16597989531940e-10
-1.95579406640281e-10
-2.92979963458331e-10
-2.44167633754757e-8
4.42214590730968e-10
-1.39100044967990e-8
-6.68720792927243e-7
--------------------------------
a: 0.7844885287502024  b: 12.172143729024295
-2.69714614976856e-8
-3.91738879527532e-10
5.58861375337611e-9
2.28343122404168e-8
-6.82546558067742e-8
9.13383708009501e-8
-2.60023624493805e-7
-1.63826729552721e-6
--------------------------------
a: 5.806876325964602  b: -6.991660838265332
-2.22183096342136e-11
-1.54862118677748e-11
-5.13270051050980e-10
3.66103725767121e-10
-5.07032239402386e-8
8.39234814889387e-8
8.77164432053123e-8
-4.99823353532172e-7
--------------------------------
a: -0.7314233171377218  b: 2.8208068510467434
3.70445962504846e-12
2.47128158624827e-10
5.76845299673504e-10
1.70282014735896e-10
2.20627262421974e-8
-8.90267823912473e-8
1.68871051078460e-7
-3.08555818896353e-7
--------------------------------
a: -0.19145292862578245  b: 12.441417627532012
7.77870459719008e-9
1.02301292551462e-9
-3.69758071283383e-9
-1.76761097889439e-8
-6.69980155594577e-8
-4.86710659273688e-8
9.37092561243943e-7
-1.14763897296384e-6
--------------------------------
a: 9.34584800241618  b: -12.553484471868003
6.88491252139108e-5
-6.37849018187308e-6
1.81155863044977e-6
1.03328783646545e-6
-2.48139267557240e-6
5.10568125869098e-7
-8.79280038932137e-7
-3.78049756253810e-7
--------------------------------
a: -13.47823330029103  b: 5.976958591752094
1.06241302997045e-8
6.08559006179916e-9
4.74213260283261e-9
-2.62335376042099e-9
-1.78247649826306e-8
-9.20050066232342e-8
2.95728495192097e-7
-4.25960428600785e-8
--------------------------------
time : 208.2240285873413
